1 1159 0.297670405522
2 1438 0.682892906815
3 1561 1.1665598975
4 1632 1.58088235294
5 1590 2.0786163522
6 1504 2.55518617021
7 1428 3.14985994398
8 1520 3.64934210526
9 1365 4.23736263736
10 1201 4.7443796836
11 1097 4.95897903373
12 965 5.46839378238
13 932 6.11802575107
14 1116 6.45250896057
15 609 6.41379310345
16 596 6.90939597315
17 540 7.25555555556
18 485 7.81237113402
19 462 8.69047619048
20 496 8.90524193548

1 1151 0.165073848827
2 1419 0.515856236786
3 1547 0.926308985133
4 1624 1.26293103448
5 1564 1.82416879795
6 1575 2.21714285714
7 1555 2.78906752412
8 1444 3.10249307479
9 1372 3.72376093294
10 1198 4.20283806344
11 1118 4.52772808587
12 970 4.94845360825
13 977 5.35926305015
14 1021 5.66601371205
15 584 5.9897260274
16 553 5.98553345389
17 544 6.47610294118
18 492 7.03455284553
19 472 7.55720338983
20 516 8.1996124031
